ISS (ZARYA)             
1 25544U 98067A   22341.06629889  .00009400  00000+0  17378-3 0  9991
2 25544  51.6441 200.1642 0004360 134.0139  20.3200 15.49781774371991
AEROCUBE 12A            
1 43556U 18046C   22340.86622836  .00030209  00000+0  57471-3 0  9994
2 43556  51.6351  58.8292 0007793 309.2913  50.7383 15.47938926245936
AEROCUBE 12B            
1 43557U 18046D   22340.53244307  .00024178  00000+0  53265-3 0  9997
2 43557  51.6364  68.5032 0007622 300.0145  60.0084 15.43773088245729
LEMUR-2-VU              
1 43558U 18046E   22340.59221510  .00102769  00000+0  95506-3 0  9992
2 43558  51.6329  28.2868 0009065 343.1206  16.9487 15.66557857246312
LEMUR-2-ALEXANDER       
1 43559U 18046F   22340.52683312  .00239360  00000+0  13962-2 0  9991
2 43559  51.6358  22.6439 0010695  32.0962 328.0687 15.77094747246169
LEMUR-2-YUASA           
1 43560U 18046G   22340.17799640  .00190981  00000+0  13273-2 0  9996
2 43560  51.6384  28.5567 0010115  24.4354 335.7122 15.73227006246277
LEMUR-2-TOMHENDERSON    
1 43561U 18046H   22340.62975518  .00100540  00000+0  11176-2 0  9999
2 43561  51.6385  34.5422 0008350 332.0949  27.9597 15.62045950245798
ICS-EF (ISS DEB)        
1 45265U 98067RJ  22340.78174729  .00058991  00000+0  37879-3 0  9996
2 45265  51.6308 155.7180 0004930 163.6854 196.4305 15.75638936158671
ISS DEB [EP BATTERY]    
1 47853U 98067RZ  22340.59050543  .00012274  00000+0  16979-3 0  9999
2 47853  51.6389 190.6624 0001200 239.5428 120.5446 15.57547369 98703
MMSATS-1                
1 47976U 98067SJ  22340.97037035  .00048253  00000+0  38318-3 0  9995
2 47976  51.6353 172.5092 0002713 198.6435 312.9714 15.70754136 97252
CSS (TIANHE)            
1 48274U 21035A   22340.86366304  .00022985  00000+0  28594-3 0  9999
2 48274  41.4769 247.5053 0005416  31.6693  43.0361 15.59396976 91768
ISS (NAUKA)             
1 49044U 21066A   22340.53792840  .00009934  00000+0  18323-3 0  9999
2 49044  51.6441 202.7819 0004351 132.1594 312.3534 15.49773927371917
FREGAT DEB              
1 49271U 11037PF  22340.69511212  .00006622  00000+0  18325-1 0  9998
2 49271  51.6389 120.6990 1013830  45.1218 322.7561 11.99101773 67762
LIGHT-1                 
1 51509U 98067TG  22339.96953888  .00129953  00000+0  56305-3 0  9995
2 51509  51.6339 178.1054 0009365 150.0099 210.1442 15.83915700 47804
KITSUNE                 
1 52148U 98067TK  22341.00703571  .00058158  00000+0  51826-3 0  9996
2 52148  51.6373 186.2757 0007128 180.6085 331.1172 15.67852172 40173
PROGRESS-MS 20          
1 52795U 22059A   22340.53792840  .00009934  00000+0  18323-3 0  9999
2 52795  51.6441 202.7819 0004351 132.1594 312.3534 15.49773927371914
ISS DEB                 
1 52952U 98067TP  22340.61114397  .00528345  12190-3  14619-2 0  9992
2 52952  51.6268 187.6332 0009902 211.5625 148.4789 15.93182585 24504
CSS (WENTIAN)           
1 53239U 22085A   22340.49630337  .00023002  00000+0  28633-3 0  9996
2 53239  41.4769 249.7369 0005411  28.9279 140.8067 15.59380046 91707
1998-067TQ              
1 53305U 98067TQ  22340.85995074  .00082053  00000+0  76717-3 0  9992
2 53305  51.6360 194.6158 0007960 173.9247 186.1847 15.66515818 21530
YUZGU 8                 
1 53306U 98067TR  22340.95070343  .00118057  00000+0  94315-3 0  9995
2 53306  51.6336 192.9645 0008416 178.9530 181.1487 15.70195781 21569
1998-067TS              
1 53307U 98067TS  22340.95410629  .00115430  00000+0  93135-3 0  9992
2 53307  51.6330 192.9775 0008408 177.5057 182.5984 15.69967599 21590
YUZGU 9 (RS3S)          
1 53308U 98067TT  22340.96450587  .00107208  00000+0  88322-3 0  9997
2 53308  51.6340 193.0536 0008231 177.2333 182.8711 15.69499810 21628
YUZGU 7 (RS1S)          
1 53309U 98067TU  22340.87838797  .00117292  00000+0  93714-3 0  9996
2 53309  51.6331 193.2212 0008701 181.0292 179.0689 15.70192996 21563
YUZGU 11 (RS5S)         
1 53310U 98067TV  22340.96334583  .00109268  00000+0  89963-3 0  9997
2 53310  51.6342 193.0448 0008447 178.9525 181.1491 15.69504318 21600
YUZGU 12 (RS6S)         
1 53311U 98067TW  22340.85482708  .00121977  00000+0  94289-3 0  9997
2 53311  51.6331 193.0622 0008207 177.6703 182.4335 15.70971805 21614
TSIOLKOVSKY-RYAZAN 1 (*)
1 53312U 98067TX  22340.88183040  .00116211  00000+0  94128-3 0  9995
2 53312  51.6339 193.2514 0008809 181.2870 178.8106 15.69867180 21555
TSIOLKOVSKY-RYAZAN 2 (*)
1 53313U 98067TY  22340.87696060  .00113393  00000+0  91336-3 0  9992
2 53313  51.6342 193.2205 0008325 182.5356 177.5601 15.70017574 21601
YUZGU 10 (RS4S)         
1 53321U 98067TZ  22340.95434818  .00112692  00000+0  91333-3 0  9999
2 53321  51.6336 192.9849 0008427 178.9385 181.1632 15.69870621 21611
YUZGU UA                
1 53322U 98067UA  22340.87928147  .00123034  00000+0  97207-3 0  9992
2 53322  51.6331 193.2312 0008471 179.4024 180.6985 15.70442187 21553
HSU-SAT1                
1 53462U 98067UB  22340.34668096  .00054909  00000+0  60454-3 0  9991
2 53462  51.6356 198.6812 0009639 185.5142 174.5748 15.62535595 18063
FUTABA                  
1 53463U 98067UC  22340.32936240  .00076267  00000+0  74346-3 0  9995
2 53463  51.6342 197.8075 0010289 185.5546 174.5337 15.65478724 18070
TUMNANOSAT              
1 53464U 98067UD  22340.62934476  .00111250  00000+0  94387-3 0  9997
2 53464  51.6330 195.3068 0010878 188.7525 171.3284 15.68737487 18139
1998-067UE              
1 53767U 98067UE  22340.76570857  .00043008  00000+0  55077-3 0  9995
2 53767  51.6380 198.4983 0005849 195.2932 164.7884 15.58729756 14224
BEAVERCUBE              
1 53768U 98067UF  22340.64308641  .00040222  00000+0  51693-3 0  9998
2 53768  51.6381 199.1725 0004800 179.2778 180.8223 15.58672353 14219
CLICK-A                 
1 53769U 98067UG  22340.61772218  .00058517  00000+0  64013-3 0  9997
2 53769  51.6430 198.2856 0005985 193.2789 166.8048 15.62708528 14222
1998-067UH              
1 53770U 98067UH  22340.62536214  .00117451  00000+0  10507-2 0  9995
2 53770  51.6352 196.7980 0009146 190.1794 169.9019 15.67438057 14249
JAGSAT                  
1 53771U 98067UJ  22340.33553155  .00125989  00000+0  10564-2 0  9995
2 53771  51.6350 197.8583 0009737 189.5583 170.5230 15.68981429 14197
ISS DEB                 
1 53772U 98067UK  22340.32216201  .00064208  00000+0  72251-3 0  9991
2 53772  51.6362 200.0245 0008536 171.2782 188.8362 15.61920468 14162
SOYUZ-MS 22             
1 53879U 22116A   22340.53792840  .00009934  00000+0  18323-3 0  9997
2 53879  51.6441 202.7819 0004351 132.1594 312.3534 15.49773927371918
CREW DRAGON 5           
1 53963U 22124A   22340.53792840  .00009934  00000+0  18323-3 0  9990
2 53963  51.6441 202.7819 0004351 132.1594 312.3534 15.49773927371912
PROGRESS-MS 21          
1 54155U 22140A   22340.53792840  .00009934  00000+0  18323-3 0  9992
2 54155  51.6441 202.7819 0004351 132.1594 312.3534 15.49773927371916
CSS (MENGTIAN)          
1 54216U 22143A   22340.49630337  .00023002  00000+0  28633-3 0  9997
2 54216  41.4769 249.7369 0005411  28.9279 140.8067 15.59380046 91703
CYGNUS NG-18            
1 54232U 22149A   22340.53792840  .00009934  00000+0  18323-3 0  9997
2 54232  51.6441 202.7819 0004351 132.1594 312.3534 15.49773927371912
TIANZHOU-5              
1 54237U 22152A   22340.49630337  .00023002  00000+0  28633-3 0  9990
2 54237  41.4769 249.7369 0005411  28.9279 140.8067 15.59380046 91706
DRAGON CRS-26           
1 54371U 22159A   22340.53792840  .00009934  00000+0  18323-3 0  9992
2 54371  51.6441 202.7819 0004351 132.1594 312.3534 15.49773927371916
SHENZHOU-15             
1 54379U 22162A   22340.49630337  .00023002  00000+0  28633-3 0  9998
2 54379  41.4769 249.7369 0005411  28.9279 140.8067 15.59380046 91703
2022-162B               
1 54380U 22162B   22341.07071502  .01317029  76573-5  52458-3 0  9990
2 54380  41.4771 242.9569 0075990 182.1673 177.9394 16.15445535  1203
1998-067UL              
1 54534U 98067UL  22340.86252666  .00085099  00000+0  14432-2 0  9999
2 54534  51.6411 201.1483 0007784 141.2081 329.2667 15.50741142   750
1998-067UM              
1 54535U 98067UM  22340.93144692  .00068763  00000+0  11689-2 0  9997
2 54535  51.6417 200.8063 0007570 139.8012 355.7646 15.50771398   765
1998-067UN              
1 54536U 98067UN  22340.92207118  .00031682  00000+0  54609-3 0  9990
2 54536  51.6420 200.8461 0007560 139.2681 304.0068 15.50732033   721
1998-067UP              
1 54537U 98067UP  22341.03598436  .00035678  00000+0  61236-3 0  9993
2 54537  51.6421 200.2858 0007876 142.1986 217.9715 15.50789350   789
